43003
10699
35078
38584
47075
18502
26781
27044
40949
21865
6700
38864
10178
11802
39119
17113
27605
36143
2934
10693
21288
32375
49629
39648
17284
4842
7976
41982
36946
20233
14570
35479
12328
5835
48555
34336
11736
31300
28598
26294
14468
30064
45959
2531
3024
11448
36821
40655
47868
24020
10923
877
47402
23319
44815
23933
6226
43106
29094
27896
28787
13642
40338
1523
49227
48002
16039
26048
7609
10106
9377
5881
45577
20387
27819
5617
46206
16709
34028
5979
11088
46152
8757
13539
43829
158
48687
27642
24795
2744
25789
47891
20413
3089
16473
15161
34394
11470
39115
14635
13129
21529
6504
13483
23462
34272
24421
48225
10749
27202
36929
163
24392
2585
24865
24150
33136
44898
2692
26478
47364
15060
47665
17387
49163
25394
19335
2199
48336
40065
42104
15374
20525
34615
44461
49107
32591
28926
3898
21779
42894
12535
24153
131
12977
6398
44562
22037
28517
40626
32346
39986
24315
38535
17063
43904
33958
16754
23054
47013
37448
14744
13664
44508
26903
44187
24664
25639
22171
13965
33809
10710
1772
8493
1247
3714
493
22854
17325
37038
46745
3284
42790
2527
26411
6704
43975
7541
40321
1675
15812
17785
8554
9155
19868
3231
1575
30687
12922
8548
8746
38255
24128
23446
23245
7048
39098
20967
35330
42284
6386
18539
45995
35871
6438
13576
46222
23440
3796
11620
33947
28263
19017
31698
44501
10890
44929
39998
33031
2948
47365
35490
15683
45852
14928
43365
16963
44942
34465
49538
20919
20820
49108
6834
2660
15666
822
7351
25123
34486
46935
34681
44643
26520
4067
21879
34624
10341
28208
15739
25825
21199
10416
15879
45154
10690
23628
5989
23422
33592
42647
22560
1029
29985
33890
24370
32694
47385
32270
1810
32125
47268
31423
25738
16965
13460
44844
30166
19871
5365
2828
48182
2783
5917
21369
32231
9852
41322
34555
37512
33528
8837
21945
17642
21875
43519
35779
34986
2150
43570
49309
24454
7738
47465
11118
23753
24520
18608
42356
4517
4223
34617
7841
16406
39420
36731
33007
32006
41369
17722
33877
38888
37507
34538
20692
24130
18079
115
10921
2202
4334
44974
38681
30557
2328
42868
44809
21024
49322
34976
8897
5998
9830
4280
25670
15263
12185
31281
22710
2534
40664
5635
32605
18770
27980
37063
41997
35561
36535
36934
32244
47769
3318
8105
38188
43518
38751
19546
41852
13071
41195
31818
49598
24014
23907
10004
391
31724
25953
25347
44246
31237
1380
45613
11681
45563
16800
11294
24414
42503
7465
43539
29860
13909
48296
9447
37291
43271
37093
16144
40527
34425
28466
32842
43548
22764
24617
20226
33626
33944
5866
44345
34510
46825
22624
3994
41977
37988
33290
30319
293
36818
28924
28934
3465
10828
38556
16290
39506
45991
33778
5543
11068
47389
5953
3998
38254
47471
33276
26093
38440
8656
21989
34660
8144
44732
7685
40236
27637
6899
1861
4364
1989
17936
42220
14953
24803
3922
33968
1256
37600
31348
46516
39558
45681
49450
16249
10540
14140
12483
46912
25552
49188
44575
37649
11264
47241
24918
31624
20020
4426
10859
32716
29091
19439
36442
31657
24674
39188
37897
14259
10104
42001
39186
649
13061
23442
7296
43618
19848
16421
46070
1986
2028
25137
6586
20019
2337
47904
13902
12681
37101
22532
27824
49517
27028
19308
21948
36363
27397
33708
23570
30776
24579
31765
16305
28948
5858
34863
483
32235
6799
14652
39027
13438
17519
22861
37156
32104
7567
11923
38709
39382
34013
20966
40407
18205
1035
28591
4893
40670
34010
35885
31303
34798
41779
47061
32224
41114
29095
22186
14675
24183
41287
29089
28203
15218
48133
6547
32082
10165
564
40824
36024
48940
31875
29279
39973
33092
43841
32637
1536
11395
39479
49459
25055
9794
39293
24172
47531
3403
23591
33845
42350
4268
5061
44778
43243
41587
22263
33834
19034
2370
16345
26339
39066
43439
22843
2620
14014
14965
2410
17994
3410
7625
9452
7748
40509
3102
9029
43685
34774
13419
29051
22632
45423
30398
39306
9507
6153
7013
47440
20987
40205
28719
41135
28817
43388
46612
19513
12636
37385
36415
37893
4000
10015
19413
39651
26707
43851
17247
562
18071
40482
25002
1130
28163
21698
30616
29604
40897
42153
24514
1817
20887
19752
7226
26408
31325
46998
13729
19329
28688
27979
19725
3967
340
27054
42767
29566
5841
25589
9745
5621
8086
39922
34497
20352
18692
42077
31842
34258
37910
46521
31670
21566
41415
25876
46238
7517
31405
23409
30612
7540
11588
28244
18474
3246
37766
35327
43799
1133
14968
15999
33580
26989
788
37217
30131
18165
28009
29551
18615
11863
46710
42423
47602
27950
6087
27770
23345
14432
11286
39045
44661
45609
3240
16970
8906
20030
14113
26349
3477
22114
12029
30419
1930
4485
32937
26861
39533
47485
35164
30916
26561
29383
25943
20894
24871
30323
21176
29627
36968
39559
4964
34916
26954
25709
4151
39401
34119
44348
36709
21195
33927
1924
21279
42133
4252
8533
14322
47991
2721
35142
47106
45013
41030
25292
717
27392
47998
17306
47269
25158
16007
9874
15251
8472
19728
13582
1701
2435
5874
45832
12717
22044
11164
41835
31814
22653
28644
23428
13602
18695
46616
34572
449
15339
28259
2669
7198
18522
27196
7084
42649
17089
4315
34953
28609
31249
4975
19168
36857
22866
43078
44355
46593
20389
30440
8050
32232
3733
12795
17021
49139
44734
17044
25236
21221
27120
29062
34513
32269
27970
39774
8355
43202
15767
19856
38157
24116
43262
23949
22
10460
34753
23204
48139
25775
10536
42241
32806
16356
7915
6388
42542
27325
49208
46082
79
27868
19738
42963
40490
18476
38334
48891
43864
49052
35485
10503
46263
7495
7330
37648
46278
46564
27141
36594
7146
46340
18971
26832
22602
28514
34626
45149
29266
26503
11363
559
43461
49005
45871
9858
22618
37714
40886
48071
27324
29275
15289
28309
2350
23392
20334
16083
45590
19918
43983
46650
26399
29188
46639
46882
39030
23790
17809
30958
40308
26394
30183
34699
35199
45166
38374
41349
27244
46698
32217
33406
29525
20193
23567
41201
26313
2755
550
278
22056
23032
45571
21812
7236
41013
16726
30365
42904
31809
9665
15279
1929
38309
20408
35684
44290
8820
28240
10285
48755
41622
7904
37389
7007
15896
2762
16757
34109
35394
35177
46415
17101
31122
20781
17079
3817
47728
15148
20373
15380
33339
43207
41400
17248
45412
4491
3835
49235
13855
40560
9047
899
37236
36432
4752
26774
19309
34743
9179
1203
42520
31475
34964
16815
6925
33885
36511
23064
34679
40277
8994
25241
43063
49456
46506
45503
15507
45215
9154
6088
38141
20205
40325
18487
14297
14796
26324
2488
37333
20491
46463
6949
15720
42436
16675
48911
39071
42916
8680
36384
2322
399
22083
44710
1698
15431
46454
34706
4241
19347
43346
7789
2335
39500
32599
33509
29527
6364
3667
28981
44453
39179
26307
16544
6043
45190
38447
10635
33057
16961
9277
39763
21833
432
30134
19578
40875
33902
35617
6749
38782
18013
28472
34658
9073
25636
33079
28504
15863
12687
34671
14086
35749
39660
11101
38792
34094
2818
5531
20340
37020
22019
4341
20878
4162
39208
36017
34602
3031
12564
33621
15394
20094
47795
21932
25134
11841
24107
29777
10603
40843
2696
22303
25465
6892
10929
14252
42262
34551
28629
8552
9346
2412
11348
3163
31617
26523
40743
46063
35087
18877
11282
9232
21524
39025
18317
1657
35839
37197
21282
40256
48982
45919
8479
15257
28584
17876
41523
29975
29132
81
19313
8867
4541
17130
11229
37432
47544
31895
25127
34306
8442
44153
669
37592
45314
43980
1326
45353
11349
17115
37440
32704
18344
42325
20024
44723
8468
27293
8936
21976
30
42492
43813
5854
24232
6338
49318
16201
5779
46356
44623
33256
27945
33193
46556
36565
23545
44106
44083
29072
19714
47565
41268
24498
48829
6934
40129
44676
36397
45467
42624
3578
46762
13883
109
3457
7206
21512
35012
9686
18274
49654
11699
24727
43632
38308
296
48621
46620
36654
44831
44725
48074
31518
44006
43926
22780
32514
14512
27182
12819
16903
40924
20023
7371
6454
24366
417
6840
8866
38272
3479
3040
3928
15918
34505
18968
33140
48785
24412
48984
21551
30740
22411
92
40154
37561
48460
23492
48259
39608
16268
35032
20758
42359
30216
44693
34915
22494
3084
7080
13618
9463
16324
3347
21166
20327
714
49263
15993
27142
30564
45855
24000
30839
38448
39020
31892
48813
22499
23580
43044
5508
1100
24417
10380
25500
31992
3250
5804
46112
625
43122
32689
10616
39846
12392
26021
22391
1231
37143
25600
22888
29369
49253
11918
31676
27987
41610
42442
41605
48971
1161
34881
31998
31581
18881
22438
39166
1678
38161
7674
36369
26892
4122
321
38528
17356
6420
36311
19142
48205
16114
22558
12380
18637
13263
6075
34285
2885
1340
7290
25701
13041
25029
24351
47158
14537
20682
26631
43902
22670
29669
37313
10469
17860
31716
5983
46143
2195
3100
45208
15170
44204
16820
23122
15748
26786
24349
3108
40590
7262
21139
27361
45678
7091
43200
25232
12697
34648
14120
751
18480
36647
46379
28478
37857
18677
43407
46424
38941
37201
26905
5132
11367
40524
11611
3275
41850
28648
36169
7504
14082
26059
34409
23179
14336
39348
43265
9086
32000
43406
37014
29492
47
6008
44154
6099
299
10607
41723
15848
10621
10670
44692
1683
3281
25821
17110
27243
10132
46978
40969
16326
26381
29493
40462
29981
33310
43555
15176
20720
16019
44631
32796
40668
43875
13145
38806
31629
37804
38637
29342
47187
9356
7647
42409
49642
36021
12062
1773
9642
45572
40536
32250
2215
146
48914
30867
30822
38994
17532
28084
5374
29029
9757
46460
8303
15690
40761
20345
2569
49542
49617
33248
47256
44736
5479
43529
48421
21442
6801
40270
30388
61
422
32041
14779
12172
19720
28643
18792
16472
12852
13650
33734
20359
5887
31560
40357
32236
34315
9388
48705
15906
3513
28636
16643
20777
6494
22440
18844
18003
49305
17488
30744
15466
5287
24607
6294
43989
5206
12280
14253
2233
8129
21825
40710
48488
47679
5591
41625
47714
40713
793
1375
35891
3499
1562
21759
12114
21094
13045
8789
2189
26871
13383
4321
37819
49680
6716
27302
34150
16333
14993
31091
37406
33659
37571
23144
21118
30901
32295
32026
16590
15166
29468
4443
4636
46614
14388
46575
44906
17980
25542
41264
8446
30950
6885
3751
43563
5646
38481
39485
5331
39591
43450
17591
3864
19831
42887
15904
2391
2304
45792
11660
9724
35104
46135
24378
17038
43757
37510
11576
25227
28940
7587
40171
42372
12516
16691
5291
42351
1208
5431
33263
14598
11467
45967
19216
28780
47522
45331
16855
33991
14358
23894
5805
6668
6646
8115
5166
30404
23801
41076
23584
18054
1445
40267
36035
733
5423
27886
49316
7847
34018
34882
1961
2394
13681
2024
40454
32773
3258
12217
1877
39308
38003
32337
8859
6339
22046
35819
10421
2460
4587
27374
15979
15794
43396
22862
4972
45667
2246
7041
45002
45425
41396
1008
2094
111
38325
27703
9626
25564
18298
33967
29816
15561
36299
2073
28152
12015
41700
3887
12375
36358
30498
42720
21249
16879
26015
43854
30629
6746
780
24004
25194
8623
45782
10175
39451
32408
45207
38053
3637
21469
24433
48186
24382
11850
49619
44735
33903
8631
32761
33759
40948
681
12557
40643
28758
23694
30468
36028
14797
35395
2339
11427
48858
5438
40629
3420
42290
2619
34857
45621
34784
11937
30654
8274
45941
2119
41390
10686
28404
42336
22259
6038
31381
1149
48487
31669
23523
4966
26985
26162
37612
22055
11385
47116
23590
23788
40912
3921
41253
26489
15274
31741
1134
15781
42750
11516
17795
4511
4840
6464
25618
35538
4288
40003
18681
10074
27976
32259
42766
17012
48885
3819
18927
27082
9399
38703
29194
28129
38595
29100
43233
31196
24398
8791
42513
38171
9525
45241
23427
5705
7596
7854
10306
6664
26178
29846
42422
41562
34133
27520
22729
31115
36637
30524
27905
36055
6160
39499
24458
3978
4064
14717
19424
33306
8466
11120
26304
28175
39864
27708
37051
10766
43748
11453
15788
33105
24485
1872
5710
23482
18249
34244
43588
27430
29317
3752
7350
5127
28762
45994
29645
41949
39977
39504
2607
29367
7766
19256
42539
19540
18952
28250
43573
20085
26046
5984
1730
18598
27975
10558
31373
16014
6337
38964
21400
30757
29593
35230
39803
38078
8692
316
13462
34270
22487
30205
29325
26659
633
47414
44474
49327
48604
32158
37906
29960
31786
35604
26202
13999
13298
31924
26660
30708
31037
19116
42974
42692
10508
40446
32458
14972
38082
24449
22237
47236
26551
1222
36115
138
23170
11840
9887
345
2151
43671
41162
3236
6872
49461
18209
42843
1296
25363
22849
34755
38040
24788
41194
30041
13102
10150
1753
43114
16635
17919
3981
15877
813
15099
22996
13346
40284
39120
19233
25907
21272
18055
20399
4737
10802
19077
18428
27231
20278
19144
17805
44142
8489
6825
26309
36497
21290
48688
1160
40026
36379
28970
33410
29310
7933
41166
20544
15266
33760
38029
30807
48548
18847
15771
23389
46638
8389
4564
40642
41778
26504
21480
29858
5728
3414
45265
42860
14759
39566
15250
12598
13647
41742
45375
26403
26114
18674
27944
43950
30337
36978
46771
846
30497
9810
23494
3771
27692
42704
43300
15048
23841
45109
26966
45492
30119
25620
35806
23760
11647
15178
25516
28946
17544
26338
12083
46045
39484
28277
35895
5855
14278
41239
36767
7849
39275
40146
31879
30676
26677
30340
31009
49165
43240
27764
23660
3394
44584
32895
46498
22304
36465
915
48956
28699
23173
37125
8560
26620
34835
44768
33675
17560
32737
13978
7677
15455
40372
24948
40549
29086
48828
31099
38599
49560
11805
45481
11868
5301
10376
10543
22800
1158
25404
2416
22681
11084
21155
26034
23340
6966
36448
45809
30664
44737
23481
43981
39237
25687
17180
4322
17730
35183
13092
49607
28491
35093
12806
38267
1354
29444
35651
26528
6778
41737
2040
43987
6955
45408
7499
21091
9361
31955
11495
14463
20599
20592
33572
35033
34686
46445
32533
36429
21191
22459
32222
40178
36151
16918
49285
2676
32722
17555
36458
11793
19191
25318
10405
32315
9878
36452
44229
49183
47436
43853
19773
25844
32932
28396
34744
3730
38671
17846
47941
7056
22126
19421
44292
1348
36339
836
24565
48044
12572
15318
33296
47509
335
21398
1736
12142
16840
13761
23324
11725
7131
20182
24418
39364
31061
1511
16471
9772
27654
47784
12571
28158
41181
4099
32182
29108
28634
35858
39491
4918
22776
34687
36761
28334
6529
26459
